4559815002183501418550675956635723974835191011574156551086345113183268916695204186995588537747609991385222759163337001586772545981
2004649006033752436110564079044735927565581063137408962333802490320791553940411532407417084042790851877216861550031464107548035811
258142159222273397061094638369134486691887593080967040424726176463377304525104026530241721317275482761720783397009488786251468187
11041563307038141929542534960301213752838506032561646646427092551120289229257104272428767929788174748916071081383978314332518998541
7717214344701256244877286391918307057465648815276286862705830906814359767680823929295827739133654836002644251369636778063092425467
2527727783558948608432375308197288442812142571924869604212954731791685715130576909381674090797873198674920767084475864228154983142
917461677397804256883848161944058588937279267975850397409602200574272845089194154356106685149515346814398947816266769483729256815
9789928019993836487523537717791510044997308362224440708510862054583603750945647015930398822784009421205949149185491896416498511382
4426930723712854032493101607159115089367081624211155140323457064532767365795828419249588373583438272108112373801180097031767018076
3639161647192451496215312447094293091855353959573384253287477526246374468904106167083727935717459486606021351678412442656931454583
582392840282160286909473433759836747728235065060503135373431635122764516939582707228275571710756900318578229577454813189742895537
10831963114483535898517946384464982365118417593414539491561734216374213734096361396277276473054312566754664390505684489723385757692
728493417531866501989383960664429361796357494175089921515056976894311744084246017817251873144532785928164111747842527314752191502
7646138988988477061964160047056554880620294145334869013839099929798581796492644124767047275589897812105956844341502603569300297935
3642951135938804309142771208579722217912393444085580045774906790605887157859198171591354124850113114122183297915810855404264136018
10510069671117182512238360253124948449926240291295219342491767664562715027159370673199530848648383949819474048377357003587139625677
8755743127092867778110991372163263361914278861530411502229758880316158265733848008236968202091798955442767862143799769376726064529
5852359179149005408786142988359180938158320202918511077944613516359121454130006616128109728633478367749459486569947297405668527738
4727102796654482475004260250335510116966188398705039855875663181794505416338264010908711139661713503031937433029564536089963219464
6291840618227525340773353165790757009561517922362782932844668673298815777834838363283938485805385769276460908923660191389001495121
3445944257661630139564251439218316968714970880406709278381574186180524258198591898119193988923136663119403406024204305431368883760