6915965951216928057428575062744459198951943423520321927782329785929485549092534948174608577557425778827521901209449352746625056679
10717792226500147245891054076984441321861336321283672494911953115969678447672512438176535632867929850214294794992060442265630027336
4952768793046854126784023506483591556508705604342181417321452503811680545045117968051890510502963932337070608885665688922257036634
479580881850063957870262988413707824633506911567523913306255238189554758684595825607265204981872944461872712595801021470563314740
10349462816665048436774423906091094132383689123513515995652867505796852342672764419511065538607781055960558976673674070600875848489
10042798150202943010778636665338558310473313838996469491831981343224393705997210584586831404557950915786363489939993863804953618738
3741768942006891915885414505184145142246103137459835538940835491070054581703993891510121629092737472354091300495451058975519852247
6737683475397394886201554514681216192080897972703528790913725728754449994584082034794308387623709436648545914352135786919549422617
5466860993040645843438526496811968198324613068813230388007913741560206056715932222747152151131330099520518649077601524764976610680
342834041677653897078475983148118616350698316652422072977099790626010803207754955102519276751188594533637601421299507879825042888
10980955824535436474705020635175563368133924367895163219451553076936635644062715554060967030964881178460580521663680553255742376295
5613356585547080663883569884823799046232700964124447187850342237613220249533882966874472254289812621531463571113162680417299563837
1425856014120736407175796352226300345398674073488015451161753899303714994873739409449014158220275477859687806797843100158971293391
6149865337713420316546310163755776225012090636934552203968285824396608754394632217903831201575568110093921586080446998274640131440
5211457191183626867334273645858925552297857486534205460152146034957164399456225192064966563641856721642315507309885077731648573212
1906476409981315853867103069873227565966545046344065986462337794485348704880973594778722688375814279489518145897102221261929615067
8828925922454168099519933571926318372905107771479061979398187496003808665907686562340016015663727203228345287351690515145566227699
7439926621090059365536764709255015584955264755331452157067629561137566503637724493155552730898460920305661782837363841269075916177
10149113306292483196538382652860731051139134832567482997812232905467972941841640874559029796091784035809567358086786490310084505064
193733051573587832673716859919913834953694459624715026106841093412935723707619317639903800821988565105590904510035938430372174011
4080687678487368528354574082009647605084785715188571956145099695996094485321868408391284348023421016628447580640493689868145852732